Einheit|Metall|Kristall|Deut|Hülle|Schild|Angriff|Ladung|Tempo|Verbrauch|Antrieb
Spionagesonde|0|1000|0|100|0,01|0,01|5|100000000|1
Kleiner Transporter|2000|2000|0|400|10|5|5000|5000|10
Großer Transporter|6000|6000|0|1200|25|5|25000|7500|50
Recycler|10000|6000|2000|1600|10|1|20000|2000|300
Kolonieschiff|10000|20000|10000|3000|100|50|7500|2500|1000
Leichter Jäger|3000|1000|0|400|10|50|50|12500|20
Schwerer Jäger|6000|4000|0|1000|25|150|100|10000|75
Kreuzer|20000|7000|2000|2700|50|400|800|15000|300
Schlachtschiff|45000|15000|0|6000|200|1000|1500|10000|500
Schlachtkreuzer|30000|40000|15000|7000|400|700|750|10000|250
Bomber|50000|25000|15000|7500|500|1000|500|4000|1000
Zerstörer|60000|50000|15000|11000|500|2000|2000|5000|1000
Todesstern|5000000|4000000|1000000|900000|50000|200000|1000000|100|1

{"204"}